00 FF FF 00 00 1C 00 64 30 30 20 0A 53 3A 20 31 33 2C 20 53 46 4C 20 31 30 30 20 0A 53 3A 20 31 34 2C 20 53 
00 FF FF 00 00 1C 00 64 46 4C 20 31 30 30 20 0A 53 3A 20 31 35 2C 20 53 46 4C 20 31 30 30 20 0A 53 3A 20 31 
00 FF FF 00 00 1C 00 64 36 2C 20 53 46 4C 20 31 30 30 20 0A 53 3A 20 31 37 2C 20 53 46 4C 20 31 30 30 20 0A 
00 FF FF 00 00 1C 00 64 53 3A 20 31 38 2C 20 53 46 4C 20 31 30 30 20 0A 00 00 00 00 00 00 00 00 00 00 00 00 
00 FF FF 00 00 1C 00 64 41 50 50 3A 20 54 69 6D 65 72 20 66 69 72 65 64 20 20 0A 50 61 72 65 6E 74 20 69 64 
00 FF FF 00 00 1C 00 64 20 3A 20 30 2C 20 4E 6F 64 65 20 69 64 20 30 20 0A 4D 41 43 3A 20 50 72 65 70 61 72 
00 FF FF 00 00 1C 00 64 65 20 41 50 50 20 70 61 63 6B 65 74 20 0A 41 50 50 3A 20 50 6B 74 20 70 61 73 73 65 
00 FF FF 00 00 1C 00 64 64 20 74 6F 20 4D 41 43 20 0A 53 3A 20 31 39 2C 20 53 46 4C 20 31 30 30 20 0A 53 3A 
00 FF FF 00 00 1C 00 64 20 32 30 2C 20 53 46 4C 20 31 30 30 20 0A 00 00 00 00 00 00 00 00 00 00 00 00 00 00 
00 FF FF 00 00 1C 00 64 53 3A 20 32 31 2C 20 53 46 4C 20 31 30 30 20 0A 53 3A 20 32 32 2C 20 53 46 4C 20 31 
00 FF FF 00 00 1C 00 64 30 30 20 0A 53 3A 20 32 33 2C 20 53 46 4C 20 31 30 30 20 0A 53 3A 20 32 34 2C 20 53 
00 FF FF 00 00 1C 00 64 46 4C 20 31 30 30 20 0A 53 3A 20 32 35 2C 20 53 46 4C 20 31 30 30 20 0A 53 3A 20 32 
00 FF FF 00 00 1C 00 64 36 2C 20 53 46 4C 20 31 30 30 20 0A 53 3A 20 32 37 2C 20 53 46 4C 20 31 30 30 20 0A 
00 FF FF 00 00 1C 00 64 53 3A 20 32 38 2C 20 53 46 4C 20 31 30 30 20 0A 00 00 00 00 00 00 00 00 00 00 00 00 
00 FF FF 00 00 1C 00 64 53 3A 20 32 39 2C 20 53 46 4C 20 31 30 30 20 0A 53 3A 20 33 30 2C 20 53 46 4C 20 31 
00 FF FF 00 00 1C 00 64 30 30 20 0A 53 3A 20 33 31 2C 20 53 46 4C 20 31 30 30 20 0A 53 3A 20 33 32 2C 20 53 
00 FF FF 00 00 1C 00 64 46 4C 20 31 30 30 20 0A 53 3A 20 33 33 2C 20 53 46 4C 20 31 30 30 20 0A 53 3A 20 33 
00 FF FF 00 00 1C 00 64 34 2C 20 53 46 4C 20 31 30 30 20 0A 53 3A 20 33 35 2C 20 53 46 4C 20 31 30 30 20 0A 
00 FF FF 00 00 1C 00 64 53 3A 20 33 36 2C 20 53 46 4C 20 31 30 30 20 0A 00 00 00 00 00 00 00 00 00 00 00 00 

